[188, 18, 67]  # Red
[115, 170, 40]  # Green
[150, 150, 150]  # Grey
[0, 0, 0]
[255, 255, 255]
indices_num_logo = {
    0: [0, 0, 0],
    1: [0, 0, 0],
    2: [0, 0, 0],
    3: [255, 255, 255],
    4: [0, 0, 0],
    5: [255, 255, 255],
    6: [0, 0, 0],
    7: [0, 0, 0],
    8: [0, 0, 0],
    9: [255, 255, 255],
    10: [0, 0, 0],
    11: [0, 0, 0],
    12: [0, 0, 0],
    13: [0, 0, 0],
    14: [0, 0, 0],
    15: [255, 255, 255],
    16: [0, 0, 0],
    17: [0, 0, 0],
    18: [0, 0, 0],
    19: [188, 18, 68],
    20: [188, 18, 68],
    21: [188, 18, 68],
    22: [0, 0, 0],
    23: [115, 170, 40],
    24: [115, 170, 40],
    25: [115, 170, 40],
    26: [188, 18, 68],
    27: [188, 18, 68],
    28: [188, 18, 68],
    29: [188, 18, 68],
    30: [115, 170, 40],
    31: [115, 170, 40],
    32: [115, 170, 40],
    33: [0, 0, 0],
    34: [188, 18, 68],
    35: [144, 18, 68],  # Dark
    36: [188, 18, 68],
    37: [0, 0, 0],
    38: [0, 0, 0],
    39: [0, 0, 0],
    40: [0, 0, 0],
    41: [0, 0, 0],
    42: [0, 0, 0],
    43: [0, 0, 0],
    44: [255, 255, 255],
    45: [255, 255, 255],
    46: [255, 255, 255],
    47: [255, 255, 255],
    48: [0, 0, 0],
    49: [0, 0, 0],
    50: [0, 0, 0],
    51: [0, 0, 0],
    52: [150, 150, 150],
    53: [150, 150, 150],
    54: [0, 0, 0],
    55: [0, 0, 0],
    56: [0, 0, 0],
    57: [255, 255, 255],
    58: [0, 0, 0],
    59: [0, 0, 0],
    60: [0, 0, 0],
    61: [255, 255, 255],
    62: [0, 0, 0],
    63: [150, 150, 150],
    64: [150, 150, 150],
    65: [0, 0, 0],
    66: [0, 0, 0],
    67: [255, 255, 255],
    68: [0, 0, 0],
    69: [0, 0, 0],
    70: [0, 0, 0],
    71: [150, 150, 150],
    72: [150, 150, 150],
    73: [0, 0, 0],
    74: [0, 0, 0],
    75: [0, 0, 0],
    76: [0, 0, 0],
    77: [0, 0, 0],
    78: [150, 150, 150],
    79: [0, 0, 0],
    80: [255, 255, 255],
    81: [0, 0, 0],
    82: [150, 150, 150],
    83: [150, 150, 150],
    84: [0, 0, 0],
    85: [0, 0, 0],
    86: [255, 255, 255],
    87: [0, 0, 0],
    88: [0, 0, 0],
    89: [0, 0, 0],
    90: [255, 255, 255],
    91: [0, 0, 0],
    92: [255, 255, 255],
    93: [0, 0, 0],
    94: [0, 0, 0],
    95: [0, 0, 0],
    96: [0, 0, 0],
    97: [0, 0, 0],
    98: [0, 0, 0],
    99: [255, 255, 255],
    100: [0, 0, 0],
    101: [150, 150, 150],
    102: [0, 0, 0],
    103: [0, 0, 0],
    104: [0, 0, 0],
    105: [255, 255, 255],
    106: [0, 0, 0],
    107: [0, 0, 0],
    108: [150, 150, 150],
    109: [150, 150, 150],
    110: [0, 0, 0],
    111: [255, 255, 255],
    112: [0, 0, 0],
    113: [255, 255, 255],
    114: [0, 0, 0],
    115: [0, 0, 0],
    116: [0, 0, 0],
    117: [255, 255, 255],
    118: [0, 0, 0],
    119: [150, 150, 150],
    120: [150, 150, 150],
    121: [0, 0, 0],
    122: [0, 0, 0],
    123: [255, 255, 255],
    124: [0, 0, 0],
    125: [0, 0, 0],
    126: [0, 0, 0],
    127: [150, 150, 150],
    128: [150, 150, 150],
    129: [0, 0, 0],
    130: [0, 0, 0],
    131: [0, 0, 0],
    132: [0, 0, 0],
    133: [0, 0, 0],
    134: [150, 150, 150],
    135: [0, 0, 0],
    136: [0, 0, 0],
    137: [0, 0, 0],
    138: [150, 150, 150],
    139: [150, 150, 150],
    140: [0, 0, 0],
    141: [0, 0, 0],
    142: [0, 0, 0],
    143: [0, 0, 0],
    144: [255, 255, 255],
    145: [255, 255, 255],
    146: [255, 255, 255],
    147: [255, 255, 255],
    148: [0, 0, 0],
    149: [0, 0, 0],
    150: [0, 0, 0],
    151: [0, 0, 0],
    152: [0, 0, 0],
    153: [0, 0, 0],
    154: [188, 18, 68],
    155: [188, 18, 68],
    156: [188, 18, 68],
    157: [188, 18, 68],
    158: [188, 18, 68],
    159: [0, 0, 0],
    160: [188, 18, 68],
    161: [188, 18, 68],
    162: [144, 18, 68],  # Dark
    163: [188, 18, 68],
    164: [188, 18, 68],
    165: [188, 18, 68],
    166: [188, 18, 68],
    167: [188, 18, 68],
    168: [0, 0, 0],
    169: [188, 18, 68],
    170: [188, 18, 68],
    171: [144, 18, 68],  # Dark
    172: [188, 18, 68],
    173: [188, 18, 68],
    174: [0, 0, 0],
    175: [0, 0, 0],
    176: [255, 255, 255],
    177: [0, 0, 0],
    178: [0, 0, 0],
    179: [0, 0, 0],
    180: [0, 0, 0],
    181: [0, 0, 0],
    182: [255, 255, 255],
    183: [0, 0, 0],
    184: [0, 0, 0],
    185: [0, 0, 0],
    186: [255, 255, 255],
    187: [0, 0, 0],
    188: [255, 255, 255],
    189: [0, 0, 0],
    190: [0, 0, 0],
    191: [0, 0, 0],
}
for index, color in indices_num_logo.items():
    print(index, color[0], color[1], color[2])
